.Random.seed <-
c(403L, 92L, -2044269602L, -2019982957L, 1367338976L, 795136405L, 
-2040143547L, 1788116909L, -956546514L, 1925146042L, 1517151762L, 
2115280035L, -255801522L, -403715396L, 1939098813L, 335381805L, 
1396752084L, 704212975L, 214927408L, 1616936611L, -754142087L, 
-278242693L, 1602857666L, -965020875L, -1982840528L, -1990111480L, 
-1569788137L, 734458335L, -610949462L, -767190817L, -362949945L, 
-1513419331L, 1234473279L, -1523823701L, -1750821525L, 533015396L, 
2016533867L, 823085139L, 2051866123L, -1892713605L, 1399203697L, 
-726591124L, -686023784L, -1059597385L, -300594071L, -1772970085L, 
-953667432L, 367703463L, 1699495394L, -1530895920L, 1854208165L, 
2127072199L, -150884603L, -1435529386L, -534537667L, 1822615682L, 
1858134070L, -9779689L, -1306595762L, 1908125734L, -424658269L, 
-1056998353L, 595142881L, 238272495L, 427902857L, 851073764L, 
257030980L, 81792039L, -1537494593L, 1999738387L, -225592709L, 
295239218L, 1356192305L, -404244853L, -1558195099L, 1969961362L, 
-971823461L, -717679158L, -1391679202L, 1506171261L, -1257188665L, 
-1569561333L, 1176760011L, -1471039495L, 1072592747L, 1750325375L, 
358501831L, 152696915L, 1390045207L, -178715649L, -1627571279L, 
-1004913403L, -760658512L, 1789839214L, 331839782L, -407137237L, 
382210345L, 1971876444L, -1144822549L, -121577202L, -157330838L, 
-292681218L, 1292208989L, 1156101794L, -1475637901L, -1289659259L, 
-1954986907L, 54641652L, -1717181825L, -1085626313L, -290724232L, 
2048701489L, -741428334L, 887708745L, 1035607319L, -546114555L, 
-1044048966L, 1637253778L, 1043783623L, -1562677841L, -963520655L, 
-729390639L, 1472927829L, -307654976L, 123956368L, -952027001L, 
156975247L, 602125960L, -59014332L, -503691434L, 1917652438L, 
-1586134155L, -1518329597L, -1548678313L, -576869581L, 1744416706L, 
1767721691L, 27256909L, 634843517L, -716514377L, 2022598858L, 
1988733277L, -2038183761L, 1974329154L, -95562792L, 376779122L, 
2124234591L, -952165110L, 1612660216L, -844257363L, 1731715728L, 
-1883967615L, 1551551058L, -1013317713L, -1215634485L, -1291337601L, 
1876041717L, 1794256571L, -655230702L, -65538811L, -797787085L, 
-1531718979L, -1228625397L, 576577995L, 2058478220L, 483869462L, 
-2071707156L, -1364642646L, 115380399L, -414788747L, -1469191275L, 
-242699163L, -101291881L, 1761208089L, -2022800897L, 1384615478L, 
-1801332495L, -1734053123L, 256648820L, 1952071595L, -4772722L, 
780793958L, -1067040787L, -938887914L, 1686584061L, -1328368700L, 
-788769963L, -1127904534L, -1304536265L, -2096434975L, 390186867L, 
264171720L, 494472776L, 1296982883L, -1083568699L, -501273542L, 
-525695052L, 1643977049L, -367849297L, -757619958L, -1443910009L, 
-1825515314L, -1300156014L, 581562277L, -2139973966L, -998728152L, 
1444076080L, 1605765742L, 184966063L, -139975622L, -2093527515L, 
1131985399L, -1758840614L, -141898147L, 1244173083L, -12992276L, 
1651348221L, -1293886102L, 1005910520L, -372588754L, 249140696L, 
-133898922L, 959065417L, 906015905L, -738493037L, 2047635686L, 
1978503968L, -1694117417L, -1453140408L, 1352355710L, 394816728L, 
-408876846L, 2036258695L, 566985644L, 401344387L, -1405288027L, 
-301743232L, 74866270L, -1053279440L, 1727587568L, -1215039075L, 
40666858L, -121932132L, -1621759472L, 731271597L, 438984161L, 
-307316709L, 958900732L, 381926221L, -1377961797L, -738477477L, 
284295302L, -808432591L, -985699905L, 1828058226L, 1047377718L, 
-2007649711L, -303009452L, 131547738L, 950577193L, -719454014L, 
-1582867308L, 1903768312L, 183165058L, 1371240462L, -2030553350L, 
-786906638L, 2085534414L, 720361038L, -503806432L, -56518182L, 
1229464376L, -1230387676L, -1591415748L, 874406541L, -258968913L, 
-2102237848L, -1629101720L, 1137145082L, -1288121569L, 1708896069L, 
1861956004L, 279471109L, -757024671L, -776125332L, -2124662442L, 
-567920647L, -1563754195L, -393826569L, -1691844190L, -1455695199L, 
825061506L, -915015052L, -1606800023L, 1849187788L, -1893639425L, 
1929510481L, -1805943872L, 801346923L, -2033338537L, 2005481482L, 
-798330169L, -202759668L, 1251110208L, 1262772339L, 221273636L, 
1174235947L, 1305531049L, -500813226L, -1842712220L, 751667637L, 
640228431L, -104697519L, -1061767533L, 59547988L, 769136163L, 
1183226676L, 1535857787L, 1073570258L, -468033900L, 1876538236L, 
1461100746L, 1003541947L, 280845622L, -1539083827L, -1323260767L, 
-767577985L, 762084573L, -831389704L, 312515979L, 771603886L, 
-972205801L, 1813300904L, -940524432L, 630281256L, 1987306359L, 
-611054962L, -2146495970L, -335410576L, -1405363046L, -74503142L, 
1096937964L, -890787751L, -156509946L, -62155192L, 745907421L, 
-613062497L, 48837107L, 707014545L, -1308017719L, 1559396567L, 
-2133775229L, -1466781036L, -1555602409L, -977084587L, -1524946461L, 
-1009960852L, 276442828L, 386663359L, 1041205045L, -1758126423L, 
-674649176L, 1997677419L, -284296417L, 820040933L, 1604716961L, 
-178091777L, 1114883978L, 1253537021L, 269114626L, -811717924L, 
-324060268L, -477944863L, -672681710L, 2137539246L, -424969856L, 
-164603516L, -1789331507L, 989340451L, 204656770L, 1187816362L, 
-1249690677L, 127714280L, -363621513L, 116441388L, 1113558553L, 
-748459219L, -1440651856L, 2078826851L, -450886605L, -1706877693L, 
-114472719L, -529741324L, 2066748077L, -2129369577L, -267436593L, 
386562499L, 878857711L, 221673649L, 948546610L, -2121705826L, 
-196347552L, -1493778764L, -1447823263L, -1667421634L, 1390592393L, 
-450368192L, 830924441L, 882228675L, -839938208L, -1047834868L, 
2036267251L, -468482785L, -435649784L, 2141397488L, -1324420030L, 
1674849877L, 319861725L, 1833535975L, 666377539L, -1406490760L, 
-1389073463L, -280799719L, -1839580668L, -1262447279L, 264363817L, 
1007648026L, 1824366923L, 1595109248L, 1333535001L, 368387164L, 
-1784414280L, 2124826028L, -336906455L, -790661660L, -770191825L, 
-723703559L, -1841180099L, 2073548900L, 132595195L, -173647618L, 
1645630333L, -579670609L, -1418667459L, -469731319L, -501112846L, 
1059794022L, 2007771489L, -1546401332L, -14443737L, 526625933L, 
-912699707L, -2098975787L, 1772271507L, -603842482L, 1162141831L, 
-1157604519L, 2003998305L, 1600592534L, -1827009136L, 133530274L, 
-879900816L, -301143202L, 374870839L, -1846936471L, 958646492L, 
1147822198L, 694165595L, 508200414L, -2127557357L, -1702173556L, 
1661271601L, -2043903077L, -1184644753L, 881523254L, 1295538649L, 
325030217L, -1319417933L, -2107025747L, -1562774156L, 628798995L, 
-1268686855L, 1150449596L, -1375892074L, 1844158721L, -385746046L, 
-1463261629L, -870074777L, 505518126L, -1541538059L, 1838082446L, 
-893099697L, 1757118693L, 1357307431L, 1712473387L, 1236788520L, 
1257898696L, 940304089L, -1298427440L, -1764955765L, 377578658L, 
67836239L, 1740312072L, -124275079L, -862241724L, 1757377899L, 
-502006710L, 53868675L, -721287928L, 1766155331L, -246123984L, 
-389094112L, -1672247306L, 811668761L, 652236000L, 2046288797L, 
1749813076L, 48472128L, -351907540L, -2146424634L, -2117284767L, 
118521014L, -670582584L, 1658848387L, 2029255748L, -1145104187L, 
-1777493469L, 1955768703L, -676487394L, -242265713L, 215226738L, 
-190483284L, 439852372L, 507081986L, 924924769L, -41524031L, 
1543914695L, -1122245598L, -39646826L, -28130283L, -32208758L, 
-313337276L, -1590425197L, -1780814409L, -72663848L, -1393535111L, 
1520551291L, 1854917735L, 1838755252L, -162502107L, 1125617793L, 
-1935950982L, 1267900052L, 882238371L, -1762712683L, 139472889L, 
959437381L, 926325834L, 1754151653L, 1573767169L, 184434625L, 
1739234151L, -969914304L, 26923840L, 148270327L, 170542994L, 
2095762937L, 383235914L, -393988906L, 1612618314L, 1515404085L, 
-1543537440L, 564687504L, 19620535L, -720395237L, -158171047L, 
600108079L, -1490423125L, -50303053L, 1968417757L, 1995155168L, 
-854942975L, 677587830L, -1047769623L, -2044674323L, 1681524055L, 
-1519769939L, -1761890523L, -1924107601L, 1305310471L, -921656553L, 
-1305715335L, 2074765173L, -415240728L, 1589756959L, 1325622045L, 
1313512014L, 1426366967L, 395948641L, -3191907L, 1678938067L, 
517274056L, 1554134291L, 908976977L, 2083868899L, 730371313L, 
